0 0 0.000000 1.000000
0 0 1.000000 1.000000
0 0 2.000000 1.000000
0 0 3.000000 1.000000
0 0 4.000000 1.000000
0 0 5.000000 1.000000
0 0 6.000000 1.000000
0 0 7.000000 1.000000
0 0 8.000000 1.000000
0 0 9.000000 1.000000
0 0 10.000000 1.000000
0 0 11.000000 1.000000
0 0 12.000000 1.000000
0 0 13.000000 1.000000
0 0 14.000000 1.000000
0 0 15.000000 1.000000
0 0 16.000000 1.000000
0 0 17.000000 1.000000
0 0 18.000000 1.000000
0 0 19.000000 1.000000
0 0 20.000000 1.000000
0 0 21.000000 1.000000
0 0 22.000000 1.000000
0 0 23.000000 1.000000
0 0 24.000000 1.000000
0 0 25.000000 1.000000
0 0 26.000000 1.000000
0 0 27.000000 1.000000
0 1 0.000000 1.000000
0 1 1.000000 1.000000
0 1 2.000000 1.000000
0 1 3.000000 1.000000
0 1 4.000000 1.000000
0 1 5.000000 1.000000
0 1 6.000000 1.000000
0 1 7.000000 1.000000
0 1 8.000000 1.000000
0 1 9.000000 1.000000
0 1 10.000000 1.000000
0 1 11.000000 1.000000
0 1 12.000000 1.000000
0 1 13.000000 1.000000
0 1 14.000000 1.000000
0 1 15.000000 1.000000
0 1 16.000000 1.000000
0 1 17.000000 1.000000
0 1 18.000000 1.000000
0 1 19.000000 1.000000
0 1 20.000000 1.000000
0 1 21.000000 1.000000
0 1 22.000000 1.000000
0 1 23.000000 1.000000
0 1 24.000000 1.000000
0 1 25.000000 1.000000
1 0 0.000000 1.000000
1 0 1.000000 1.000000
1 0 2.000000 1.000000
1 0 3.000000 1.000000
1 0 4.000000 1.000000
1 0 5.000000 1.000000
1 0 6.000000 1.000000
1 0 7.000000 1.000000
1 0 8.000000 1.000000
1 0 9.000000 1.000000
1 0 10.000000 1.000000
1 0 11.000000 1.000000
1 0 12.000000 1.000000
1 0 13.000000 1.000000
1 0 14.000000 1.000000
1 0 15.000000 1.000000
1 0 16.000000 1.000000
1 0 17.000000 1.000000
1 0 18.000000 1.000000
1 0 19.000000 1.000000
1 0 20.000000 1.000000
1 0 21.000000 1.000000
1 0 22.000000 1.000000
1 0 23.000000 1.000000
1 0 24.000000 1.000000
1 0 25.000000 1.000000
1 0 26.000000 1.000000
1 0 27.000000 1.000000
1 1 0.000000 1.000000
1 1 1.000000 1.000000
1 1 2.000000 1.000000
1 1 3.000000 1.000000
1 1 4.000000 1.000000
1 1 5.000000 1.000000
1 1 6.000000 1.000000
1 1 7.000000 1.000000
1 1 8.000000 1.000000
1 1 9.000000 1.000000
1 1 10.000000 1.000000
1 1 11.000000 1.000000
1 1 12.000000 1.000000
1 1 13.000000 1.000000
1 1 14.000000 1.000000
1 1 15.000000 1.000000
1 1 16.000000 1.000000
1 1 17.000000 1.000000
1 1 18.000000 1.000000
1 1 19.000000 1.000000
1 1 20.000000 1.000000
1 1 21.000000 1.000000
1 1 22.000000 1.000000
1 1 23.000000 1.000000
1 1 24.000000 1.000000
1 1 25.000000 1.000000
2 0 0.000000 1.000000
2 0 1.000000 1.000000
2 0 2.000000 1.000000
2 0 3.000000 1.000000
2 0 4.000000 1.000000
2 0 5.000000 1.000000
2 0 6.000000 1.000000
2 0 7.000000 1.000000
2 0 8.000000 1.000000
2 0 9.000000 1.000000
2 0 10.000000 1.000000
2 0 11.000000 1.000000
2 0 12.000000 1.000000
2 0 13.000000 1.000000
2 0 14.000000 1.000000
2 0 15.000000 1.000000
2 0 16.000000 1.000000
2 0 17.000000 1.000000
2 0 18.000000 1.000000
2 0 19.000000 1.000000
2 0 20.000000 1.000000
2 0 21.000000 1.000000
2 0 22.000000 1.000000
2 0 23.000000 1.000000
2 0 24.000000 1.000000
2 0 25.000000 1.000000
2 0 26.000000 1.000000
2 0 27.000000 1.000000
2 1 0.000000 1.000000
2 1 1.000000 1.000000
2 1 2.000000 1.000000
2 1 3.000000 1.000000
2 1 4.000000 1.000000
2 1 5.000000 1.000000
2 1 6.000000 1.000000
2 1 7.000000 1.000000
2 1 8.000000 1.000000
2 1 9.000000 1.000000
2 1 10.000000 1.000000
2 1 11.000000 1.000000
2 1 12.000000 1.000000
2 1 13.000000 1.000000
2 1 14.000000 1.000000
2 1 15.000000 1.000000
2 1 16.000000 1.000000
2 1 17.000000 1.000000
2 1 18.000000 1.000000
2 1 19.000000 1.000000
2 1 20.000000 1.000000
2 1 21.000000 1.000000
2 1 22.000000 1.000000
2 1 23.000000 1.000000
2 1 24.000000 1.000000
2 1 25.000000 1.000000
2 1 26.000000 1.000000
